     1        0   129600   0.000
     2    12510   129600   0.010
     3    25019   129600   0.020
     4    37528   129600   0.030
     5    50037   129600   0.040
     6    62546   129600   0.050
     7    75055   129600   0.060
     8    87564   130492   0.070
     9   100073   130492   0.080
    10   112582   130492   0.090
    11   125091   130492   0.100
    12   137600   130492   0.110
    13   150109   130492   0.120
    14   162618   132129   0.130
    15   175127   132129   0.140
    16   187636   132129   0.150
    17   200145   132129   0.160
    18   212654   132129   0.170
    19   225163   132129   0.180
    20   237672   133776   0.190
    21   250181   133776   0.200
    22   262690   133776   0.210
    23   275199   133776   0.220
    24   287708   133776   0.230
    25   300217   133776   0.240
    26   312726   135528   0.250
    27   325235   135528   0.260
    28   337744   135528   0.270
    29   350253   135528   0.280
    30   362762   135528   0.290
    31   375271   135528   0.300
    32   387780   135528   0.310
    33   400289   137326   0.320
    34   412798   137326   0.330
    35   425307   137326   0.340
    36   437816   137326   0.350
    37   450325   137326   0.360
    38   462834   137326   0.370
    39   475343   139180   0.380
    40   487852   139180   0.390
    41   500361   139180   0.400
    42   512870   139180   0.410
    43   525379   139180   0.420
    44   537888   139180   0.430
    45   550397   141069   0.440
    46   562906   141069   0.450
    47   575415   141069   0.460
    48   587924   141069   0.470
    49   600433   141069   0.480
    50   612942   141069   0.490
    51   625451   143046   0.500
    52   637960   143046   0.510
    53   650469   143046   0.520
    54   662978   143046   0.530
    55   675487   143046   0.540
    56   687996   143046   0.550
    57   700505   143046   0.560
    58   713014   145192   0.570
    59   725523   145192   0.580
    60   738032   145192   0.590
    61   750541   145192   0.600
    62   763050   145192   0.610
